$ANSIBLE_VAULT;1.1;AES256
32326131356166303632616630663437346536633461646262323337303135316239303637646161
3833613933336135373030376264346430663631643337330a626366376433333433653031653732
63383365383465626266626361363863306134313263636136663937333061393466643232373330
6134636265346638300a653432613661363035346366663639643435306336633838663139353731
64333438376166326531333439633161653065373034653965313137353439356339316366393035
32656665633732616636646163363639313765623830616437356635316262383639663837653639
66313433333365663361656638613038343431343561343739303965616666626266643161646265
32323665323265306638383165616563623361346437653931653332646364643038303832323761
65393332373134343038356131353166323833393735643332373266306337363466333361646235
62613939303437313134306635333530313366666664356136656534356530326332343132613337
30346437363436373161336665383066373830353364326338313438356233306463613163326535
30353638346261633237393862666163356561666337393633373964666565343830636663343837
31353562653933303261343738323262383236613232616433366234386534623938386166613634
66303130633232313666396333313136376561333138376438343139333161666566386439613263
35386566353061646239633132336133393061623736366535646463303135643563613965393730
34653165656331646134623734643731333262303162313636316330363064346130646437316439
30633964393036376564333666613937663462353437643132353762346133616162356136383537
36636164363631336161646636323435633134633639343265363533656135376632396564353462
35343831323365383337336166393839623237643531326165323731363137333961313832376136
64396235316139336365396164633063366330346261653965643833623764353061316138636566
32663034333563353030393835316231323937383463396265623566666562306465613638333762
61663833663263623663373336313438393030613336386264393964383331666435323562663434
65663561323936393039323638353230656130306336643037646639616432316262373563383737
36326432663564353532663462326537376362633937613236386261383264313663613166363134
39343233383230653836393236356239363038383732393738643234393931303933306536333563
63356630643939353865393730346235366464323165396164373533323963636362363366303936
63396461313636646339366561303765363062353065343462326334303236356631303231616133
63636330316165663737346561383835343436323666626131313839323463643464386564616466
64613166656339653138333337303666363935396535316338363161643836316137353165653130
30666366386131643631326566333335356264656334356531316434646664336565653330356264
30306134363633303335363832343634356164333661656637643063373531303539636437613261
36643930616564343034363466656366383438323333383239323837323633343433616434363137
39613833343035343233383564353731303539626430653533383639616638623335656530626535
31303365363531343833663263656139633338306566663065363934373466373763366530616333
62363137393430363332313732666566636631356334383263613533653030643837326337623136
65653332666265353866323538613132633364643435613565366261356437356264343632343662
34623533636161323130343261306338623863613266306161653332303366636263303566353637
63373964373962313364336438353330323164643066656432373134623231666661326133643238
36313162396531326363383831643162336338343062316661316161336163353964333036303466
30616330356336396661643865373634333836353435376264623939663565356234383135373538
35626339666530633032633261613166303764373535386636653934663235623562653334643163
64313132303666326536663034393732313631636534643031656237356661666234613165613963
64356135363135303138353435326661613536623761616237313635663765656632383862353137
63366465306433363832313337373138613638633136326237353032626466393539366439333935
38363461336633326431323665383263396664373030383234326262306663313437303636653436
39653033306239353763336365633834343136636532323930653561643761366166366230326331
61356338666531323161393330393632343036323262653534303765333233636236326236333933
66363035383637616232376265356561343763356235633865643832303066353237313633343134
64373931376261336466323930376630646230316130376531323337646364316131343935396333
30313739373662653532313938303864636439313661313638656533653039353035373330306536
61306537396362653832303539316631373162303264393133633734613334643234306439363562
38316461353132343437636430393535663933323430343433633335623965333037343266343363
34626132653861333039303866353332303530356163656265376332343033653534613062636238
39343365373566656166623861323331393365646630633139366136633237323830383466383433
33306133383063383835633265383834306335393934393464363038306334393130613636623966
61666138646137336632303337336432356361633335306337623463326434383031643036613538
66376233623737383463653732396638386262646665653766373864653931303137343637356233
66303132386337616332613530356439393430313936363338666132633138383832376134393334
64373362343637616362656435613833363433313562393938396337306461303632306632326637
37323831323033376231366563653865333233653236663530613235616634363736616339353666
34653833396562663833326535653865613866303365313031643138613431613062316465336534
37393063326139383133336365383135646335356465393138373032363263646334373034643937
63316430323134663036373364623535323264396664346162356537666632646234653239373663
64373466306134333536326366663137623536356263386364333734613039393530393634386438
66383434646466303765346336346264383064616635653935623661356431613863343132343936
30376638353631383532346430663965623866663132653231666162393030633962343530616462
63613963636237376463633138613335653134363935336465373833653831626163393336363661
66383833613363336233336337643236623138633732366166666238636238313539323264386431
36376330663235363963316330613730396233343961356130636137366132636138333961373233
39396366303361313163393865353235303237393532346535643661313932393933303934633639
37333532336463376139393735326533303131363235323366623132623835636339656632653661
65333632336134393831303231633832313330346563623838643061376433386636356339366262
35316232376463666331313935623838616366633962343634663039303865663864643238323738
35346632643062326537343661363133323230623663653736653134623962373263303531623636
62326563373032643934663730636663633833653865626665623262323662376563643934623061
39653565663264646435333865376537303665376338383031666432616536306161393031373061
61363064313031383539306436623165383630326232366365343336613563386661356639383430
63623332303266636364323234356361323865613565316532656362666366366162636363326238
30396537356266666364623765646163323664653863356235653265356363353838363937666661
64303037363065323632613138333233616233646163653038386265353634383837326536623534
38663165343038663837646465663766623363333433623639396138393236343033396165363666
64643239663739636266323737366235663464343261323434393630613166643939353234643465
63363732396438656237383932656362373562626635326238313165663738323239623466313632
34633732666135313761646136323835333066656333353164626135616339646461613536323439
62333737313166306263613136613965396339323233656161623230346165626465616131613430
35613739613261363166356162626663636364643934303163343532353435623239346436616335
61336133653462656335366530366563613832616165396231633765323939323663653432616135
61363435346564316666336633633332623239643731303764643039376637373938323864633362
33313032303865396333393039386366353066646633663834353132323735346634316139333336
30316534373930353265396430373938623430633030323462383863303638646534613664663339
30333364393236306166386331353832616633323639366536363331323533646464393463653932
62623730373533666265636364373732373133306638313838363066616432626337326630396131
34636531653661623439613366396133393333613230333038366436623033613932633063346231
31353639356438383336303366316439633638393034326138356166353035653138376430316431
66633239323032626232353132366365353837613837663432363139326363336334326238353661
38393061353933333033346336626636393136363536363333336632303330376438346339326164
36356666643366643037306134373562323165303934366663393237623365656563663032616132
35306239393362323834366535386238386163653730326264663834303032633561633031313066
31383235356435316338363361366263363565663064396639366663616430316636373764323562
66333861353532643333636538616136303236663139353564383538346566386365386263643431
39306663346532376163366361366133326532333162383631346230623930343365363238626264
62643836383237653266336431363736633064383931636134643539376361336662663162343236
38346636653066643134313365393963623961396664363261666631336265336434636330613230
63306136346364636135353336653462303539383638313439356330393238346336323638336364
66623638376562306632313631656661653633643832363162643966323866366230306333393039
33313731316364623534623865626531643863383566646161386137623736366138303032353661
36663335333261386236616635376362326464623262303336616538363331313332616462353638
63333233396232636438366166373234353866326662653331666565373338383034616331653061
33343039303437356330313437653730393463366635356431623563373330623832323331323137
36363363343739333038316635646236336665343132633964303133326338303164666562653065
30376564633630653734353730353035316334646464346635366663626431666263636633613231
62643933656365616361343536656665663736343336353230303031616331353765643037363961
63343832306465343764326165396435356333346636623565383339376466353139363334643664
61643666373037306263363737613036663432643862613166313739623361646639333463383535
36346436393039626630323364373835356261333263396563626362666436363137346136656436
65646234666333626666613262643631383539383138656133373538343630313862366634316436
39386132313137323863386130626162643330346331333161626633663366366131323461343431
61343664616237643638303434623433623962396634653063623136316630306637303834623463
39353935343231633866393963396235333631313331386338623438383761313265323366323239
34303865356562303336623064363230616361643531393165343935623561643166376530666463
61636162633863393164663238383933343466613539643435306134336361333335353131613138
37356566396130333364646333396631656437326638303836393466346664636537646332383466
63663165646561613034313834343666376335633063323438663737613064383737396234643736
33653936353739343437323830613131663866646438613136613235653931326465363538636262
63323039303531333535333034393061666438663639323631346534656539383361396639666433
38356531386561376139636337653039346132336565326537386565353030323831633261613665
36663938306230383235386335313331663431386537666136363463326436663731346164333331
38653832343835616564336633636136376361353035656238623732303134303031323261323934
65386638653566393431646366383839636433653337653162346232303765343338396630663037
38383337373338636364353262343531643863636661326636343835653766613338353235323066
33373433386365656537363534666265643961663638333363316133613131326536333864616438
38353835383462386365616465653561323535323039663338633032383232346534633063353032
30613265323763633934333961306165346431356434386664313832383737306138666130353339
36666235656238366233666635316438666637396461323336353431396564313336376264316462
36303033643535613537353632316536356162393762303835663735633133313864626630633534
39383532666633303937346662313462383039343137393030396532623731353335306262356130
62653466343233656361646662343837633463323135323939303532666461643664613465316330
61626365633464393661313235643835626439336164613931353934323435326139343435666530
64323162383366323336356131653030636366633239346635646262366532653366336233333862
32383161613838316433353363313961386633393830393664633262393031386239636262303766
39353831303335646638616436653036353061323232613933666237333835323130386666383866
39363062363437653263316633636164303534636636333432376664616234383931616238633566
61313231306364663638626362633937353965633239373163313963343666623431623135326633
61646661653937626136346537326238333964623730626439643564396266353330323561326534
66356131626432653232653936306662373962313661613166663532656662333533643833373564
30343736306233613330363439303737663433653437636164336533356232363830396361396463
32303830316136366535313735656562306431373531326364323235633532643338393764623634
31343865396638356635336430613735396362336335373635663431623965393433396663333234
64326633326235306236646239346463623038383739313837383135343934303962366361386235
63366339393331333132653061326663326234643035396630303936396233613538346533376264
31646439333365343835343232323539663163333832656236376438656434313833616234636534
63643230313266663365653638353963393135666237306136313838333138393730336339643963
65353866636633633338363833636434643965303736313732613864663863663033313331633366
38383461626531636634666636626136353537343336633664616165376634616234323963326262
64393531346431346331363230363338363639343437306464363439396266376561393062663133
31333237393234333637396136313339306164303963313363633731666539333736643336636132
35346264646264356436343730343933323461303332666436633030353238663133343039623865
64323233623538333663616262393938313532303961353664636537303864663237633863613034
31613030616362323466336365643337303534613930333561636534626534343361626331383361
34383638323464363836353834373836303462313938323364366338353163626634363065653734
35363634303237353639373738636638333361633136396438383964356136323466366437346166
32356165396564663965623765643362376666653830666361663863396161396465383361653663
34393134306639623166663266616237356531343431633237656330666462383932646463653436
65363938363037343262666339326630383738323831663232353863633961663465636165613039
39663265393164343739613161636536643064656631366464363262363561353233363233303163
30366562303538666235306235313231356638363063386137616637656236373731633762613130
62323031343237623531386430373737396132613563346137376435623039353337636262643836
33326537613232636466663531656435613664636366626639653437353662343463363131373236
35336230376664613439633638653364303235366237663436323065636231643037646232653437
37653264383330373963353539386633306639343039306635613230373361333463393330353630
32313561653839633634373635653334326233333036653235326538623966616666643134323764
32373232316334333361656563313635376364323431303333653431313233366231313961343862
63653965326432666263316236383435333735393537626437326165363836633634376164383036
35623137653531393837666365343863653730653833363562376264643239666365323237336663
30393733653736316638666565333338653733323330663136386661316463356336313561393232
38393465323563626366366531636665623961613931663064323161613333323066353764383334
30333135636165363030353034333561663934396639346438376633323536663665643630653161
30326635323961643732376463613630343237306235666432306331336263306565663233363064
36653762396436623230646634623363653834616161343462353364656630383531363336626363
30396363623832366238306334643331366234313930636161656235343234316539313162626366
36653039613839373837316662643261666464616338643536313630336564366666643831376365
34376330303535396232333130343464366239393435356230613462323437353561373534626634
38623864636331646535306434323963363862356630393562636365656433396562396337383964
32623434613731366438323863346463613733396636383031636164643638653639353964623034
33646432663361623966303933313663646161303664643962663165326339666339343764313662
63643064393139326139303139366231346661353031646137363738336538326462316430633035
37373730393165343565643465386336613535633838343436666638376362353634646634313831
38646136656532343865623664626232343832623234643434643566386431616232353733623230
35323334323939393933646331656634366638313861633039616436306237663563656262613539
35373438663462633134613462313663633964656230626561326234653534666131376462343634
65323336626330363535393635336531333932336634316538363265613333663338343934376361
36343363333262636165633534323164613031663866303939323037373439623238383338613266
33376261383936316434666632613834383236653039666237306639656133373561363435363936
31376366323564373463626563306565643335373238623035376665333131636132656539636462
63323162333335353663653034626262366265663431613162636239303064376439343635316537
63353239376164373536633039623662323735616462663138613166333736623038303834623463
38663539323332616430623265383430653264363038666231396664363831303435
