$ANSIBLE_VAULT;1.1;AES256
38633036313966396265346534326639653334396339393839373432646134366461393335626435
6161626364393833633961353035643933373932386231650a643663356662663334623063383764
61306462623030396361663433663433353936363536326232333633303864633866666262613133
3332643233653437650a303866353630313633383962653862613732353832356133356234386361
65346366333339363866666130326565333665396138336661343732373466643434626664386330
38336432636232613037326666613466616462393064323464306333353466353164336331313364
66303635656265613334373735353564383037376231336439363234366632313237383131316435
36306634323563323565373331303862356364383330613932643765316566623261653338313864
62623331336230326539663938363364393839643366616633346566613137336532616132646434
62333037623433323035353266646135356262623833666263373539353638643737306566666136
39343031623364663361643662356430343434656130376531343930346533353931313436316265
31373233326139646338343963333562393364313363353964663238316662383735386135636633
32653864306531383636646333636264633130373363616233663232333835616362643365666230
35303165323065383561366434393265613539353936613665313730663439636235393937646532
62656632303030363366323134383837363639616232316466363837363335343438383333663866
35373639386664663239613061383131613231363236666235653666323862663736626236383431
63636436623365646532636433326636326637303835393738663632643138376231616461653531
38333165386239343537333933323963373434393733363462323061613161333065393431336435
30626263626464343537313139633164353834313938393762646635613365383931316161663035
30343434653063656236386132653165353337623561393962363430363130373734326430393962
34653265646466646164636665316638663931373465666639383930316433363533353062396236
61333835376535326534303663373535333332613233303431303933396465386436386530333365
36316137363339626635386261623433663931326532356338666233323731376333376363666636
37373632356361663139663334326665663266383962643462643861386362353235613064303264
64656435633931393862393237653566626562666365343331336164343162656137353637336539
64663931666533623939643031393339366661323134666234643365326661383238636233383761
33363865626639393430623663343135663764333963656135393763333336626332313631313039
37643037383539336561353264646135646334313533613037623732653339393962313433366339
36373735633165343865326164653963396132316564653134373433343031613930313433663931
31646264333931326565653435353861343636343138393265343336656561343264363431663261
34383931306132376438383131666163336136643132653731326566636636646438396335323137
34353064303136333165316634656632623533363031386534333466376433313463313162623362
30663132646330326339393031316263383839613334366336616435623332366634356537343963
61303531336230363433336534343537393038663736386330386264633265323037353664393132
32303039656662343232386331326435323861356262333634363336343166326362366333643635
31346662626134613431383266306236303030393961383837636366333665366137313066316530
37323561393963343362353830303265653635333236366230636463343432393166343633383862
66653466356131653739336434346235636330393865316361623230333261346663613231346635
65663965653164313261623963383438313233393134343465653465366631313839633837316230
36333733663436346239336630333335376163616437376366363633373561653732666637396134
66616238646437386464653034356334356235343531633061383739303163386333653533336238
64653565643931666463333964393732383335643037613461623762396431666135653361353961
34316439633635366666633032313831366436343134353939373761613236323738323264316534
33383539376166643438663433663262346530616231313163393065616564326563623663313264
61353366383365633063636665363632623536623032353331656539356336373163336230626630
33656631353934336436363962323033383037343731616263343564613337636434643564633261
34373765656561363862636663353234366132326134316534656235336263613366313138646331
32316234316164653838303433396166313032636665356531363132636332613137343436626235
33303137333138633066366231616566396238656461383361363633636263633866663061396433
31393261363139323036393866626261343162303764373936343163306662386339643662633961
37656137353965323031396336663837366530363063376130643834373165363164626539346336
63373066626234383866626136343235353366643934613939333336326361333931376562383431
31653038393736636531316561656262323333396630643564666431336131336466373130336237
61373766613432336166656233363532366533653664613234653834613963666633313932346635
64616165306564376237663431373432643036646234343761623336666262613965626362633362
39303862616464616461343361383632343166663037343130663339343837663538303737343338
39316439396232303739643937613930333061396363313363643361633531633338636534303939
65653234356133326430633435653630316364333032366336303464633834623864653632656233
39633862356436383430383638613233373265626130636235313736306161376138303665646335
62313334636263386233343037343062626531306132363130303334623566363566396439363661
30643264633834376331383162646161663431303866386661343338656139393833366638383333
30333332366133326338623338316563633863316136643666343063633566663461636430333134
63353334633938623632363135656563626432333636336131663135376435326237363138623239
32316439356633313431333166316539643631633839373535313065393735373766343063343137
36343263383538636661313763663930376536396162646333643738343234633766626562343432
65333031656538666363393266616639376665616336666263663330383434663462623865653366
65303265363230636439663866653136366165306633333831663830383463306237343566653232
32626232343139306538303762306164306464326333333162353363616530346433653932326661
63333236346431316134346133396633636364386133316330343637633538653831313666366666
38376463326336326234326431373165363763613933393765643064663230393138383835393038
36343634326337316639623431656564313336333239303963373064613464343330386535646366
37346563343932343633663664646164353862633666313133373137643163663139653163306534
62636331633131333136613430653535633562646363333862373662653537373461323034643938
62303562623339663136646166383839323866663937336662633861393961346566653663656666
35366262383734323261643831396164613532623733316530626631353364326366653363323430
63663061356163363038326236333463383963383438626264646339323333373864656463633966
39643532363834636637303734383133343662393533373635613131393863363665366164643162
30313562353963353862333461316134373765613838633232666263616463646137393464313134
32663232343463346232323238393065656530343635663164336630343835313730326161666435
64613538636363356261646631383335343031363935393633383835333632623063613334393938
66626462313030633563653232326531363234653631656431663033393766666439393662393465
34636363363939346461346266366630356439383538386438316436633032373936393835623163
31363338313832306461616161353032613466353938326538636564623432333233323563653533
39303732653938623433383265303034633563376165666631633064393031666464643230616338
31316666656432393030623433643633643331636233356431666265663833386339323736316230
64396363306562646265373636313761353133303239663938303736613431323539376236303564
35616166646466346135366462643664626136363536386265396633653065666361303837363361
38643733343434666330373937373532336533323061643937363530666233633163393231626565
36383436616435346430653039616265393562333032313530356664666266636330623535653135
37323065643138383430353434643532626336616261623262633662313732373131356631306466
39393362616161353031383061373130663565323966626465616464376331663137623330373431
64323737346339366138373837353238326563303365656435383362656635396566373433666362
33333732346461343664626263663966623031643464663439343261633265663432653430353539
66343037333134376335636666373331336339623264613662643336616663663534616661343138
34316164323334633037393634613063393962343166643235643666346165303039613833656237
66366166643632623538613934663262353334623033633262336332333736396663303933366363
61653865616365613066306531663234323366356233343430613661353662383235616265623835
37633737363262313163333562613338336432393262653131353064323033613762353235666366
66333635616237663232643163653432333336396339653537303133383233323565393466373631
30383966356462646565626631306139663832623866396136343033643334646136383232623731
33323365663863636261353762373035346133363036633334346162373264366164366464313231
61323463326238653733643537396133666663313363396162613832656136653362663765653461
38656666643338623363376436363461663739333934643735393565643361353039633439306633
32373963326461643731653737323363623164386136636264313164356130306164326237336661
63303331613237303833333466616237306334633034346638656132633633623938326533333231
64656430333763393934616562313231393562633737646662366463643239633932326266653531
37653339626662616537616239393831343930316538326466373664363031623033633931383532
37346262623936666262626639643036333133373964306434313535356134333435636338303633
33393766626130356565643232663038343037336230613934393030343562356531363837383437
37656630613939373335666163616635316261383163353933383634663734336335393162336531
39336334396265646338663430323363396330396363616538373239316162626137623663343839
37346235633936343166376538623431636563306666316263613834333438643833653265373431
61656336356231396662336366393765626131373133336261383436313130666264343638356335
62363962326433353439643831336266353061646466333430386433663032306463303732383566
64653066643266326165303565333037323766616338653639373732393635336236366232323365
37393065323734326265666634353033653031336535303733613762363036366536396564356238
64636234313939396636633532393538303631393232643631613034356561303635363166623038
38363864396166653837633665653863623931643466643264653666636436326532616533346239
39646237383363663132396464636235653165306461313061643131323765333762653331306662
38636134363937653862393736663562356365393936613239316231656634643738376539396636
35643836663131363738386237653465303165353030323130636638663032633262663030306164
30636561383436323663333163343131646231376536646463316561383435306662323131313237
34323162373231373961656234393961323363306362323164373734366638346664343366636135
39623738373137356432636230373361633434636361336162353761336439303538626262366637
30343735396365336231393038376262323063386635353836386230396235633237346531653034
62396363313066636264393334343338343530313762623461393233626133363363363938363232
61656365323638396331363163336331363266393665353034303334613933636534666339366563
65396361356361383164383066346439333536646438616365386462613365633939656337636630
32643638363064653962646538363561626662383238633737313237303834393337636139363331
63623634383330306432626333653432333236356166343163306135616535333538323966356262
32643965626564346331643563623365363338616438363664613764646430666266303035363239
32633861353735636439343063373830623237616430316165326537373535363061336439313034
66636532333530323464653235353264613564386265666130386130383731336666363138393434
38616636613734353863626236313534636262313437343239663330383834643338323266643065
31316562643665303861653731383836323765616635346533346636663733656438393463653130
35663961666339316434396232366138396164633235353932316231323532623263343566323039
33373565363936343464653636356463623366393164346336313765323737396335333764343034
63303263613863383839336530633535313337336162663262376530343235396263613736616637
33653866313835336664656535326138303234663964316463643235643634623038623830323538
61353663336332383835633034313662373632336462646537613266623339323638313261396230
32316666626163643933393062346664373261316461386336643563383466356639363230356438
61393935356234613762333431666630613866343136313032383638326231616163383535633365
32353566313162366263333036623631656465306531366538383630303164363964633463393736
64383231396134343730393330343133373732636536323363656462306636303265326436336535
34313562306666393139373237373836636334373635323361376335373439356136363161653163
65316535663333636634373465316663636665353530313830323137353435323134396361653537
35663534343537336461636636316533343031343637323765326639326332653861326566373333
38313437666535663733626161653134363537346562626136393236383161616639653036623239
36623630383832376163636166653362623435643836336161303735383433396430343166333230
37386137363938346365316537636438666535663561313265393063393733656330646135363933
33393831396463613538323764386238646565623863393032363830376537353362353939336133
65343265666533336235383737343030386565316463303833386463313761663433386566666538
37616436373763613434383131396264623365313335386163386434653438356433363833653663
31316530613330633365386262663139346464666333393165316133663763323433653166366465
33633634626335363366363030346330636532656336393963623537316337373538646364366462
61616430636139373136613738306630633331333830666164613830353032383330643338626365
64656134386432393765373161313162616662646638376165373637386630656365326533303234
31346566323665306332643533616561316165303039663336613230623135653166326163623966
34313033663137326638623735356638326162633231663465353235646436303631623164323137
35343063623561346331333339643235376238623237373662653566656462316239383962363333
62343432393364366664326137393865663639646438653530383935313531356532383630613031
39353139393161623938356338303466623636653835336364303830373936393263383239623265
34353135386338646534663766376461323531616465366465656335626261323065396438353461
33393561613761393634643131656632353639303064386335656535363930353166363137623138
64653165386165393462336562646664343662646466346131336634333236356237656662356537
30643365636339633132373165336165663166323730663662633462646464393065353863386230
39623131303639366238643837346161666131346535336434303038336437306530396631633631
32656232336439616366643530373264613832356462303030386466626263383063366235643633
30393336666563346562663630326431666635303734363961383564663564306132303861336231
37316532356135343531343036636438373063376331363230643639353866623638666164333061
34373236323139343331663166313139353061306462396633376162303832303764613132666530
61313536376463373062666138643163663263363365386564636565323432393665356134353562
32643630353331636239323731613439613339633233643333643565616239623431346662386263
37653064633335643935653932613862383039303535653762313764663234343266646562333734
36356662323435633932376461366464666565393961393863356538346661636466393831626630
34326465366262366366633463373437353538626162663466626137313834643266346336393038
65616366313665643032336633333061376639653131616436373364646662346439356263643930
38373035303161663931626564363964646134313939346666643561323039363564366131323434
34386564383362313561363164623635353435636136316362643136646130613330616232363635
30626264646263306433366131663862393534303064663062633639626363663831376137326339
33386339313863393061326362366663316433303161376234363138383564333763616439653037
33393332323465396361306230366361626537353635333732303339376530343062643538643262
61643265326163333437373633303939396433636433346162333333643861313163623861616439
33613661646136613161343930643431626438616335363932373637623235396631363838616136
36646565653537336632666363303434303666326238393963333763343966383966633166633963
30346639376136343336363539393139383062626230356666663265376537373436303364363066
66613836393338343662376237653132623662646365663138616533653666623236663761313639
37336461663161633732343739623231356534363132333934653230363366643232393961613866
35326662626435623564323234393837343130363538323930356365363166316633653538363636
35646437323962303965626361643539643261313766613761653432653231316231373132323565
34633430323834353530393439333233613165663266376230343637353733316463303263646666
66666531633239393337326336336237346539386637303062393632383432363765373734383763
61663038613561356130333266613039393263396535323732396135373637613664636131383333
31343266346266663034386536356362633032646537363363333431373933303663323839653034
63343938663265323238363038623665346161646262303132393135393435383036666534303437
36383663643137363531326636393233373161643233373331326262653165373665613838393566
35656532393331373934653239393962303965643563613836363465316265316565636365363031
36666564336133303566373437636332383962376565363830363461313538393966653833363838
32383838636663316666646635373834353164366464316130303933643762646262333133316138
34646537663535323839643661303265646438343361383465613262396537326464386361366239
66633338613530666639376265333833316661396361373664303239623336616332643563646438
62343938303035626433323865326461663031353738356532666664306139636332653963386562
35343531346361303836646239653566636632383964336633613266333737303435396634323132
66333764373137653437356263343335373934336234613035316536343436663039643562636664
64383034623161626161653339663265393864316335656666303430623161383232303061343734
64616231663863663937653731333562323236653334306534353365373138353135346531393733
32386465633332656230646663646332386231616532623363373233626366653433663362633061
33313633333564313263656263373934653433316339316430623735363539353433666264626634
64633262373039613963333536633533373134306264373436643630366233383133333531313834
37383737656562346564353261656535343663383066623963363331626238633430636332643939
33393336653531663836376133323837306266326164643634613861636537383533633761333031
62653139656539373338373362653862306630386661316164393364626331323239353137653964
32376131633234316232626232316530363033303939306465396336636132656361
