$ANSIBLE_VAULT;1.1;AES256
33666230666435626663636434346531613031353330386233343132323865363431626164393935
6162663364323261383938353535623461663632373932360a383339656337613463646236363133
62656631306530316332656536366539343233346466613265316232643866323735633864623263
6661663166323730310a393863326330356337353632326331376437386666303039646331316163
30633132383138343539383932633038633034333064636430643330396365366433383464633366
62333130613935653863313839306166386131393138643736643836363332393639613630376530
63613832326432656334623832306432363537393536636133653636353730353636366638653433
61666630303736336263653732653138313266393138366332323333633865633961383334633433
35313866343436633835336136376333386566656561396665363937316363343234613733396536
64353966646664303730623464393732383130353363633765363863636237363462363533326334
37356339356161363139653564656239633339376564636131643035383639343737626331383261
36346336623036346164393761396538643364346538333261396635656135663963306464373634
32356531666135663163343735663933373435393534666133616564663237636362623637643662
30663737623736343637626461366133623130306134396335303930313131663135313031646463
63303333633630336139396164393263363762373936653733323464373262636462346332393565
38313130333062656564346563636363323662663233343664396339333830323239373563383464
35613361383035616635623333656565653530373536663532333137313564316336636134323165
31396231313637663963306437363533313765633132346538373438366337376238623064616162
35633031656463343764653362326334623034326263656330623130393339353132366634313234
35626437663830386165663632666138623237663736666664376334313666316161303338646331
61303437383638356635353235636138363135343262343330306565633535326562646235323036
38386564663131646633333133663430336430393233376137306136643266333330383461326537
62336534363265373763663430373734373562653866623631316436653837616230643337363430
64333262303937616566373531376533613734626165623939383037633233633835323163366562
34653737633964633235393437643730373736373239396634636130633536393464333531653366
34616563396230313562386136666534663039336432353132393633376265623932613433336539
36613461643066333730663739356136666362386335303735316161663664336536653731393638
61656661653964666432373530313839313139616637306134343766306332636236343564646531
62373933666565323631636230623866303532333330633537343939643235343761646436633031
61616239656263383361653432616366366161316663633735356133363538306464663464633032
33363338303439646630353266343361666139313833363530643739303933303432653737323831
36383965316338343332393536326139346235633639333831666130623563333331393161343830
37386265383738316537653439633037323633393964303463376165383439636530373266366265
32623439366336356565323062303330653638313638326334653565373463393935633139653166
31666365656136613032396235353430643532633265326234323161663937663637346161663762
62633865336330646661386566346266393564373065666330396637373133653263613831656632
31383133363936633364626435316235383034356565346339653136303963336330663139656262
66623030376635633439366237306231383966306436393339343837366163303833326431643433
33313866386663313433366533343565623933366664376666313933313830343565363163316564
31383132323565646233316638313331633434666637353365656130333663386436346139613539
38366331306538393936346164633138666337343861333835663735626163353763313235346435
64356333333536356661373165613531646532383362333832363437323561303235343761376165
66663965353565626364323739623265383830346561656532663765636465353739363266323434
63316562313265666330306237383864303233613564346165303334376662616233313762636166
31643730343064636662653033663931663565356639306637643565663062316539623864373839
66303133376438333334646162316662363261323836653137336561383365663936396632376465
38353362333137646262336230313061613836633136323334333864333939613332366364613865
30376235373631393935623630393861663965616337616631373431666662383030393364626462
39336331333934613738626438323933353364643663616336613433323939636263386565393232
36383833363864653663636632633361363137363130393035316461653637316235616333346234
31303964343437376331626434386235333631323266613965323365303535323737653033306661
32323361613433626536383365356534383230623263666365316134323131616635663332613462
62613538646134323230383264376465323562636565653461316664666132633362333434656538
37623861623532666631303965326533626263383536656132646564393561663261383534323737
37303135336132333866643262393465643336333735616465393764613633326266346334316339
62643230653365356236616133363435323934633535353039623764393136373630646462633439
39343437376537316632303062383732666464646539353331616134303266383034363965623765
39313930373962386663633033396163666630333966393365363236623933643561313161303038
38656135373837396366393436373363366265616131396635363232346139633632343965646634
30623339666365633435626632353064353164663763313835323461396539623266356236646563
34363038636663663561666362613831353333396631313930626665333231646461356432306535
31303936356531363666626662333562663533653037326634323566636436373962323036646630
39643935396364333531653031613363356234373733326239306261613132363038303139326638
30633134636464303263373939356466323532366439393532616236656664396637636633613339
61646662636532626363613164356133333835393537343463373362353965663732323837383364
61333732316436333164663336323536626139633431633233373337393964326433343961343133
34356231616638366438626535373437383631396132363136353666653631633864343734633762
66323736343236313832306430646534356365346465303065393036343938353562656137336266
34393865626636353562613438393136393465303333336131663730306330363065643539383936
63333138663134336135353239396136613565333431653634323966646430663339626131646332
64366364636132363066656665646138313632653163643464646463373931666133346235353636
64643063313435646462376466653130376333643265313461346666393631313539643638313864
65353966653636636662373262386135353539313864626462633734363530373830356339393565
62333032633063313063323239333033373161356339313562353834376231373764633361633139
36643666626536323361376535373637363538656439653030323036646262616635303237643766
37666132623638386234666535653466303961373731653062373335633762643265663930343366
34333561653237666630643237616535336536613436366633383536663462323135386139626661
63636366646562623134326438343331623366623436363032316231393864306662663362346438
32376230363061396530343132616639663363636133623366353236316130653131616163656264
64633062623830383032663136663165313961326235623736363566353861353339336463646134
62373263393731323465663132323637663737376462623764353262346666336663343464393765
39386533316661663230303737653437346266333933653861353430643736313231343336633731
66613131303431353735353333366238306236663432613466633965666630646232316263613765
39343636376434383837653339376331333631623761333932663461343934323164613139623638
32313431353238383736626361343136336232373131626264333363376338613737326361613533
39656330383537316165613763333338623361656363616330383433626563366663333337306166
34326234386436333465646134343537316232386532313333393232663537383265363261343766
34303737643339656634643534386538643035636362323631303730373061616237623837643838
38323566396533363832623531336533336338613463323936333866663931383336613930356435
32366564623839663939613665663434383936383262373837666139386637613631313263666666
64343730613266666436653639393839636263343133333635346534653431316361616138326438
37636134626339363839613263356336393765333665356131316635303132623466636165346138
32313133333161623365336635326439363737313735373465646435376538633839336661396265
62633539636164363837646338313837323662313930646535346562666535383538323831646166
32336162613664653863306236343166326234636133363264343431366164383530353666383266
38343838303831333563636263336261313839663134313138316331373734376465623235386661
34386163666163363839666636646339656234316339313934396530613862383961333865366430
66383834663565326339616434656334303962323164346466633136663530343636633134636131
38633739343230373035376261383561396637646231663337393061656634663965613765356130
33346333323238316235376333653766326635363736656230306164636336613533663362663162
36633664333833383164336438326463653439633435316239663264393363346432346461623866
38316561383439396635633466376134336466393934653931363836356264613866613261333665
36396165616330323033356130646435666464383332393934353566633438623964393461636635
65653538356537326265313163616638303064373466303265616661643037383261636464613734
33343530326161333134633337366132613039373637643730656662633337636333356461306339
35623834633534326531316239636561303264633432346532613063393564613437343434386531
30326264333034366638333762656534623165376536313533613064313866646661653932346432
36366537393365663831303936333462633135313639306266316264643734363330323334396362
37373430373765646438326633313561383636336438393763323333383230376135386132666665
39616337653034376635633661656537323338623333663135663932396136386462336434616136
37363935653538326138613764643935376663656538303034363033343336353363633236653335
66363638316361643733643566613763323535356236353530653430616237623262653133643230
34333861336666386535376332646563616561333337386530623938353335653763393963363837
38386139353830383166623636356138343237313737626333313837646666373535333539663438
63303537316135646431343566653838663430623235366334376132353561653838353662616363
37306130323133653433383533623738323731306434326136643635623065303835646435613563
65633162393239376566643562333737316130643237326538613033643039326563356363656463
39643130303739373130303535333733656332613364666664623630616466306263363132343437
36303534356264623535323163346261663231613162353231333938393537616361383836383263
62663435653735346530373961303938373931353865396264323030396462636536353964636435
37663035333039636663633431633032626565383662346465333733306539666430333961396164
39323161646233346462646361376333333861393031333064306665346632643837626333383631
36313333613363396138363432356564346165623739353734396163626466303438396263316338
31383536653731383665316638303439396539623332313161343732393335313336643539383865
30306161666465343163646330383965623234623834346362316333653963373032616438326635
34336338343563643730313739383130396537383233666265303337393739306132653838623634
66326239613733306539626662616436613363383564646166663630616433666535313064623734
31643630613161663464326332663636353131633363383839626639663831366462633730396362
65336433303739663865643639613339323231323831666434353764653065346566333466616565
31646434393739633237383066666134393037323639633336376261623233613938616438366538
63663363333236663961366630393532646239393633613931353366343934633334626236653037
30353763356361646131396665366264313530663138613832393339353130363063626663633131
30363466326233376536363738623562623962646461626466666432663133633533663266343133
32303265303430346664353238633233396636623865616237623063353634653230373432323031
38313634393361393566346665323639393739386433356437646631383435323739316364303066
66626566653238313939613334616639323635646165626233636431316635623934393865383961
65623835626238333138613434656266376261333532386430393336373238613963363165303536
62623539653561303164643633376563316362383836303862363133396537643664383165643637
65333264373335373037326436306663633564396263653064626137346337336163346161306264
35353063386163653539386535336366666536643665636235646334303030323039656563383730
35343166323133646634656165363263393061333638653039313437633732623236343661356438
66373639666538373338323034323163363532366639363835353736636635316163653530386335
37326566393063303061353838373963613262613130313633376430306537356366656337646565
65373633613430646330643237393766393863306636366464356539346131356235633531656333
37346661616566343264616462656137626364383864363331633431633033616132373639626234
62363663303964336536643234363338363863373434616564633265363063316465383338386330
66343132316562623831313036663366313562353135663432333062306135626166336336356234
34353063373531313536313566613034303031363134623032363233353335356436306265643032
61343835633930623633373338356564336364613131656337393030623337613765313564373366
66386531336234303033386534343036386238333530326663333336303732326565343638626661
39633936346633343931336363353663343838306334623464663730343666383164323564303333
66306532633266636164346364646537366662303461333331383439616561383033333730323432
61353132366335353336353336353465656630626137383537376563366636663639663432643564
31356537643031663938643565663565636362356363336533303233343131623935303832363435
38343364366534623733393837323265343832636538373438313535343439353661303136653438
65353233383065316638613631613061306234353438643165376434303835633839353762633439
61666166623364663362376231623134353935616666353039383362356564303366613761303764
61656365336564343638363561613438343463313364313439626131363430316462343331613735
61323436303632333765393331643832363730306333616333666234636131386339623139653863
33616338336264633766386434363934613664383533356537353032396130353536366464376133
38383737623238616439653038356536343563376465653862623730316265386265363663363364
35613337613162613335613761353762366662656430333130346437356136316437386664353435
33363864626361663536366433386237313161656534653964336562366436356532326233343437
32316234646631383738643937333264376630396566633037356437303138613661323435623338
33653634326134323532326335363062623364313338363034353034386463323437323133316637
36343336303965313465396536623633663739623862353064353064663966383662303137396330
31393139363636633839623338333765383933656537356338633966653938323636326264656165
64643935396666333136343166326337616662346138366365386232616435313230363935326131
36633834616632343066666463366166346231393763386535633134626264303034613662333063
35353530393361386437393764653136343632323136336439333332353232366538333166666134
64653738623866646262393036333436663434616637663130643036373861303261616231366439
39393730353833623832373139396135666134323162656162336533626364316237663936633134
36303635663363303132313765663831353935303164396465323435353530616335383334363231
34393364633764613066333563313036323635386462663332303961326162313266363231373734
30363633326662653438306337323662613838376235333566386533363638353036356134316166
37383831623432613135656462636335633431336636663162306230356438646465626130626632
36396135373836363232613736646532366536633932383536623834373130336165653363373033
30626461303638633538396235356134666539383166346335396330363039316337646336396533
62383333643563613938666463376435663637306635643732356237653066366262303563373862
65376561343164313031653463343137653336303132373764306130383839663764316633396535
62323630323233376335626135336666653132623539656130626538383365663039333136386661
32653132636632366231313964643162363936623562623235326138656566336138663335663165
30663539376339303136396132303038643331336561353262363234636161313862366366366639
36346336656536613932323263393033326561353239323765366364643438656564363866633736
38393065396166346664346364343031356237376531373436333535623736623161626462613164
33316664633761303537656136333331616164353632396430623166333638326566383834396163
38633738346665623032366438326636626433306139366533396331633435613134306362643464
30363763326135663932323436343933373630663161656566383333383538633964636536626333
33313163373131623437616364626235636234346635303433373537383864326339373838333965
34326138646264613064623162373561386137363335343563616335383339623763386262333934
30333161313135383538303164316630363538306665646437613034636638613966373836393839
38353665363438393431306366393734346535383162346362343363616161353736343135303165
33373331373262313466306436313133616130363836653538643235333336313434323766616265
34336139363232303662613736626261366561343535346565323534376338303166613235666236
35393730336666666164313933353930353738383535383561633462326162396437306161393638
38366238316239623064616466636365653339626263613666386338306536616565336165613336
32353162353831343263326663653439613739396139396432643539656634343436663162633730
32643639343331633832646136336664386666666235616663346132376663386335393166656238
39323639356537386365326139653435643363303033663265623439386165373833623631306136
31303163333662616537343665336166336233626631363065663037366335343133376139626238
64656338383539396564353261663136326261323031323766376332613332386536666566613832
31356536636365613632393937646231326336626638386230643732326130646436323136333333
30366432663466316163313765303030383333386164313136393036323035323336323534306166
33316466313032343931323666326662373339656134616132353735626661623338383339343937
33636234666331666336363130386437356466333634373035373133316661623064623136656131
37623038633736333238653638303064643334653731373632316235323463333265356436396631
64383937626633316331666437373632326637613465303365643863306265316563363438656662
39663230383333373965316135643232383664373565343136333163376337306231396633643831
30303165323235323831663430363864636462396131633862373133316237666437643431396133
65666465643562646432613539323930363263663334656139656136383037656339363239646566
62353831303564623264636531373935646362643634346462353932373632353035663266643136
34393635653730666661363736373463666539313135333865643565626537323161323866323261
64393865356431646636363539303061313637653631333139363535633639366462323630623031
6230303038646233656233383165633363613032343139326330
